64
22
83
35
86
55
10
51
75
65
59
9
18
8
13
56
56
40
38
65
98
47
98
65
36
58
57
41
60
93
84
92
33
47
98
0
69
1
48
51
50
24
99
94
60
8
0
82
72
59
72
58
2
79
84
66
92
10
1
97
89
67
20
23
94
43
17
94
36
73
73
18
69
65
74
81
38
86
95
25
50
24
70
18
7
44
96
32
83
63
93
88
17
28
32
71
80
29
76
6
3
98
17
17
11
73
98
89
92
23
91
95
29
99
64
44
81
61
14
71
51
33
53
66
79
4
57
35
29
36
13
55
72
84
14
89
75
78
35
96
83
4
53
5
39
32
61
60
44
48
87
17
49
78
78
7
94
75
27
47
60
15
15
28
65
7
45
4
67
16
52
30
27
67
72
92
92
84
98
57
12
19
96
4
41
84
0
19
19
27
35
9
83
69
91
42
85
24
11
62
14
21
95
83
66
65
45
63
4
69
27
74
68
8
39
70
26
64
76
68
25
33
32
51
28
18
63
28
96
11
34
98
99
42
88
59
52
69
76
62
32
31
19
87
62
22
39
84
85
86
4
35
1
62
36
8
99
78
87
43
35
24
73
24
23
81
60
38
65
78
9
72
48
37
0
42
25
15
80
96
61
30
58
96
79
7
77
36
59
75
94
6
45
87
79
96
92
63
95
66
54
68
79
27
30
4
5
98
24
85
71
12
52
60
53
24
89
43
66
38
29
75
69
60
30
7
61
99
30
21
12
77
0
60
92
65
77
39
61
1
26
4
26
0
40
35
33
24
35
9
82
26
24
47
33
56
45
9
92
64
12
16
58
35
6
12
31
94
58
18
93
85
98
67
76
14
37
29
83
84
0
14
90
4
6
46
75
64
99
0
23
7
31
78
43
96
13
40
79
88
74
78
60
94
26
65
6
46
61
92
72
53
67
66
84
73
66
24
86
13
93
54
35
90
81
68
82
5
40
61
82
10
56
43
6
29
64
84
14
3
36
20
10
51
81
34
53
66
29
61
36
47
75
28
14
14
71
73
79
14
47
62
19
52
80
66
50
24
1
36
96
8
15
68
40
95
16
21
70
7
83
28
66
14
27
98
45
31
61
18
21
20
26
93
13
14
12
5
84
43
63
2
56
28
29
69
53
56
87
80
13
89
37
70
7
75
71
23
34
86
22
9
10
35
19
89
56
89
73
20
14
6
29
13
42
23
63
91
22
37
70
35
1
90
1
15
25
45
5
29
62
75
27
99
8
79
52
7
62
92
37
92
9
33
78
47
7
26
53
20
70
77
59
47
67
96
89
10
91
45
59
25
49
41
58
76
17
96
5
3
53
0
44
73
92
22
63
53
91
43
15
52
53
84
41
90
43
69
53
80
76
97
81
41
58
86
48
82
79
95
99
22
52
27
46
55
37
45
4
5
36
79
86
33
78
88
2
58
80
22
39
9
71
30
46
87
18
6
36
52
2
21
13
14
24
14
75
71
9
74
14
72
17
91
8
6
41
20
49
95
90
32
62
57
29
19
87
43
68
62
63
81
8
44
23
85
20
55
35
12
20
24
37
25
5
63
19
87
88
18
66
57
12
68
19
86
38
42
55
73
30
64
74
11
13
76
66
57
62
37
21
79
7
34
27
54
50
11
83
76
3
57
90
87
0
55
14
25
13
69
6
60
11
87
61
53
26
17
30
70
45
16
59
50
42
60
41
24
95
5
37
78
27
1
17
23
47
53
14
54
16
76
3
68
22
11
26
22
76
19
72
97
64
7
80
82
66
1
61
48
7
25
65
60
88
88
24
33
17
63
35
12
4
72
56
35
26
84
60
4
59
80
55
87
74
9
9
30
41
47
36
89
38
33
98
28
71
30
24
66
21
66
41
30
94
69
77
77
13
11
65
51
19
58
13
35
62
46
82
92
38
53
62
80
14
81
38
29
3
44
46
36
1
75
77
93
59
66
63
35
94
67
82
90
46
18
41
76
55
43
92
88
39
36
69
80
41
31
9
82
70
8
32
30
51
22
26
27
49
54
11
29
30
42
58
69
4
97
13
6
49
15
57
48
74
99
47
46
41
10
28
31
50
41
68
36
56
64
87
0
37
60
42
52
71
97
32
20
77
96
16
21
61
92
10
41
72
83
94
33
14
89
7
19
79
5
38
1
61
14
83
66
82
5
69
79
38
59
44
51
52
96
22
88
10
64
21
18
49
33
81
21
24
80
76
97
42
38
96
14
59
4
90
19
32
89
73
7
12
32
